0.1 0 -1.5708 0 0 0
0.10006 0.0157313 -1.57953 -0.196644 -0.109179 0.08
0.100132 0.0231829 -1.58172 -0.149039 -0.0438324 0.05
0.0999646 0.00618102 -1.57922 0.212534 0.0312769 0.08
0.0999464 0.00479921 -1.59022 0.0197418 -0.157102 0.07
0.0997719 -0.00172546 -1.60669 0.0725231 -0.183083 0.09
0.0991836 -0.014526 -1.62926 0.142381 -0.250751 0.09
0.0996274 -0.00753317 -1.64074 -0.100099 -0.163934 0.07
0.100808 0.00858877 -1.64779 -0.161652 -0.0705523 0.1
0.102775 0.0314197 -1.66826 -0.286449 -0.255873 0.08
0.101345 0.0180662 -1.68944 0.167877 -0.264725 0.08
0.101846 0.0221274 -1.70003 -0.0818426 -0.211728 0.05
0.101655 0.0206624 -1.70213 0.0369389 -0.0524974 0.04
0.101936 0.0227313 -1.71271 -0.0522001 -0.264563 0.04
0.10062 0.0137657 -1.72159 0.113272 -0.111026 0.08
0.100813 0.0150265 -1.72434 -0.0159434 -0.034397 0.08
0.103926 0.0343724 -1.73832 -0.279927 -0.199666 0.07
0.0996004 0.00927702 -1.74543 0.28295 -0.0790299 0.09
0.0992317 0.0071748 -1.74291 0.0426861 0.0504982 0.05
0.0997092 0.00990114 -1.748 -0.138392 -0.254601 0.02
0.103806 0.0321289 -1.75926 -0.226022 -0.112582 0.1
0.104207 0.0342182 -1.763 -0.106368 -0.187047 0.02
0.104544 0.0358789 -1.78225 -0.0211844 -0.24068 0.08
0.103713 0.0321038 -1.79404 0.0386558 -0.11784 0.1
0.103542 0.0313516 -1.79594 0.00964403 -0.0237868 0.08
0.101211 0.021554 -1.81455 0.100711 -0.186088 0.1
0.0997516 0.01568 -1.81391 0.201753 0.021318 0.03
0.0957064 -0.000492412 -1.81868 0.277844 -0.0794812 0.06
0.0933385 -0.00940343 -1.84532 0.10245 -0.296063 0.09
0.0939849 -0.00717502 -1.86285 -0.025781 -0.194733 0.09
0.0960082 -0.000669561 -1.88417 -0.0756995 -0.23693 0.09
0.0979485 0.00527499 -1.88948 -0.125064 -0.106044 0.05
0.098584 0.00718537 -1.89679 -0.06711 -0.243886 0.03
0.101869 0.0169499 -1.89349 -0.12878 0.0413081 0.08
0.101899 0.0170377 -1.89482 -0.00308355 -0.0445154 0.03
0.0989936 0.00848059 -1.9035 0.225919 -0.216841 0.04
0.104376 0.0238217 -1.91451 -0.232256 -0.15729 0.07
0.113876 0.0499016 -1.92699 -0.277565 -0.12484 0.1
0.120133 0.0664382 -1.93933 -0.17681 -0.123361 0.1
0.117531 0.059859 -1.95732 0.0707523 -0.1799 0.1
0.117551 0.0599086 -1.95916 -0.00134024 -0.0461399 0.04
0.1196 0.0649747 -1.94943 -0.091079 0.162217 0.06
0.125705 0.080802 -1.92584 -0.188492 0.262096 0.09
0.128233 0.0875783 -1.93034 -0.0803608 -0.049945 0.09
0.13085 0.0944447 -1.94144 -0.122471 -0.184996 0.06
0.139036 0.115443 -1.94384 -0.25042 -0.0267492 0.09
0.146372 0.134014 -1.95121 -0.285244 -0.105179 0.07
0.150314 0.143535 -1.97822 -0.103052 -0.270105 0.1
0.150604 0.144207 -1.98028 -0.0732476 -0.206754 0.01
0.154154 0.152307 -1.9887 -0.147387 -0.140191 0.06
0.15892 0.16285 -2.00397 -0.144625 -0.190895 0.08
0.147957 0.139056 -2.00079 0.261978 0.0317842 0.1
0.156475 0.157312 -2.01536 -0.201456 -0.145699 0.1
0.150165 0.144313 -2.03296 0.240832 -0.293322 0.06
0.15758 0.158819 -2.05624 -0.181024 -0.258735 0.09
0.155394 0.154671 -2.05504 0.0781538 0.0200079 0.06
0.156128 0.156057 -2.06162 -0.0313723 -0.131476 0.05
0.149834 0.144327 -2.06577 0.266237 -0.0829861 0.05
0.147183 0.139415 -2.06514 0.279098 0.0311119 0.02
0.146258 0.137698 -2.06606 0.195072 -0.0920172 0.01
0.150397 0.145213 -2.08506 -0.122571 -0.271293 0.07
0.147894 0.140778 -2.08366 0.101848 0.0279138 0.05
0.147042 0.139265 -2.08497 0.0868488 -0.0657001 0.02
0.144968 0.135595 -2.08535 0.105392 -0.00944403 0.04
0.146937 0.139049 -2.09407 -0.0662807 -0.145299 0.06
0.144027 0.133988 -2.08963 0.194618 0.148083 0.03
0.144188 0.134269 -2.09162 -0.0324441 -0.199299 0.01
0.132851 0.114618 -2.09708 0.226877 -0.054571 0.1
0.140291 0.127234 -2.11289 -0.244115 -0.263553 0.06
0.135152 0.118767 -2.12155 0.198095 -0.173187 0.05
0.13214 0.113874 -2.12477 0.191509 -0.107474 0.03
0.121763 0.0973361 -2.13968 0.27892 -0.212942 0.07
0.120363 0.0951481 -2.14035 0.129866 -0.0337488 0.02
0.109079 0.0777724 -2.1548 0.230207 -0.160537 0.09
0.110823 0.0803957 -2.16225 -0.0787576 -0.186108 0.04
0.110273 0.0795763 -2.16408 0.0987104 -0.183105 0.01
0.104121 0.0706796 -2.19 0.108165 -0.259259 0.1
0.103722 0.0701207 -2.19562 0.0229081 -0.187038 0.03
0.105511 0.0725952 -2.19875 -0.0610738 -0.0626883 0.05
0.0994027 0.0642295 -2.20554 0.207166 -0.135812 0.05
0.112702 0.0819366 -2.22715 -0.276823 -0.270113 0.08
0.115703 0.0858207 -2.23284 -0.245413 -0.284739 0.02
0.11773 0.0884163 -2.23662 -0.164658 -0.188635 0.02
0.125481 0.0982274 -2.24298 -0.156291 -0.0795529 0.08
0.114121 0.0842854 -2.26883 0.199824 -0.287202 0.09
0.132739 0.106106 -2.28733 -0.286845 -0.184995 0.1
0.121043 0.0929763 -2.31221 0.175847 -0.248807 0.1
0.12378 0.095964 -2.31332 -0.2026 -0.0554716 0.02
0.119957 0.0918455 -2.32647 0.0802723 -0.187858 0.07
0.117123 0.0888474 -2.33078 0.103141 -0.107721 0.04
0.130301 0.102618 -2.33861 -0.238246 -0.0979093 0.08
0.126524 0.0987507 -2.35305 0.108107 -0.288788 0.05
0.113317 0.0855443 -2.36017 0.207523 -0.079086 0.09
0.126909 0.0987863 -2.38089 -0.237204 -0.259014 0.08
0.12026 0.0925125 -2.39166 0.182828 -0.215459 0.05
0.128867 0.100482 -2.39947 -0.293246 -0.195235 0.04
0.132344 0.103666 -2.40248 -0.235748 -0.15054 0.02
0.124132 0.0961391 -2.39612 0.13925 0.0795802 0.08
0.125198 0.097123 -2.39723 -0.14505 -0.111297 0.01
0.140355 0.110876 -2.41394 -0.204667 -0.167153 0.1
0.134873 0.106097 -2.43819 0.0808095 -0.269423 0.09
0.14159 0.111827 -2.43178 -0.0980998 0.0712599 0.09
0.155541 0.123888 -2.42484 -0.23053 0.0867564 0.08
0.155615 0.123952 -2.42849 -0.00107807 -0.0405694 0.09
0.159836 0.127546 -2.44575 -0.0554443 -0.172639 0.1
0.164266 0.131244 -2.44679 -0.288506 -0.0516711 0.02
0.160486 0.128089 -2.44342 0.246151 0.168403 0.02
0.175924 0.141099 -2.43863 -0.252356 0.0599087 0.08
0.177265 0.142232 -2.44362 -0.0877891 -0.249614 0.02
0.178168 0.142988 -2.44674 -0.0392683 -0.104163 0.03
0.195158 0.157241 -2.43959 -0.246408 0.0794971 0.09
0.197194 0.158966 -2.43742 -0.0889398 0.0722847 0.03
0.201831 0.162963 -2.41984 -0.102034 0.292946 0.06
0.205787 0.166449 -2.41858 -0.175758 0.0420456 0.03
0.209184 0.169447 -2.41804 -0.0755118 0.00900645 0.06
0.211324 0.171338 -2.41734 -0.28561 0.0699593 0.01
0.212555 0.172427 -2.41457 -0.164289 0.277039 0.01
0.215531 0.175082 -2.4097 -0.13295 0.162345 0.03
0.217835 0.177159 -2.40527 -0.103396 0.147853 0.03
0.227375 0.18582 -2.4032 -0.257715 0.0412321 0.05
0.228045 0.186429 -2.40355 -0.0904982 -0.0350499 0.01
0.227934 0.186329 -2.40815 0.0074505 -0.229554 0.02
0.234587 0.192395 -2.39358 -0.18005 0.291301 0.05
0.236627 0.194288 -2.39234 -0.278397 0.123696 0.01
0.239405 0.196872 -2.39192 -0.189685 0.0211755 0.02
0.234599 0.192342 -2.37768 0.0825544 0.177947 0.08
0.249159 0.206109 -2.39258 -0.25047 -0.186151 0.08
0.252425 0.209153 -2.38774 -0.223235 0.241844 0.02
0.262449 0.218688 -2.37308 -0.138346 0.146577 0.1
0.261485 0.217757 -2.37508 0.0669965 -0.0998515 0.02
0.268529 0.224517 -2.37952 -0.244085 -0.111061 0.04
0.274095 0.229833 -2.37886 -0.109956 0.00949404 0.07
0.281559 0.236913 -2.38878 -0.257172 -0.248001 0.04
0.282298 0.237605 -2.39002 -0.0337544 -0.0415235 0.03
0.283025 0.238284 -2.39042 -0.0248783 -0.0100578 0.04
0.297903 0.251988 -2.40634 -0.288966 -0.227427 0.07
0.300165 0.254025 -2.41303 -0.101462 -0.222974 0.03
0.31052 0.263205 -2.42109 -0.276772 -0.161073 0.05
0.326269 0.276945 -2.42822 -0.261248 -0.0891376 0.08
0.332538 0.282409 -2.4195 -0.166337 0.174273 0.05
0.332653 0.282512 -2.3941 -0.00153913 0.254068 0.1
0.3336 0.283391 -2.39182 -0.129219 0.227974 0.01
0.336576 0.286153 -2.39634 -0.135353 -0.150724 0.03
0.341041 0.290309 -2.38631 -0.0871268 0.143325 0.07
0.346896 0.295792 -2.39437 -0.267403 -0.268747 0.03
0.3499 0.298577 -2.39308 -0.136529 0.0429956 0.03
0.343602 0.292665 -2.38024 0.14396 0.213972 0.06
0.348663 0.297541 -2.36665 -0.140552 0.271747 0.05
0.350956 0.299784 -2.3686 -0.160392 -0.0972796 0.02
0.352353 0.301149 -2.3659 -0.0650856 0.0899196 0.03
0.350864 0.299682 -2.36052 0.0298544 0.0769252 0.07
0.355003 0.303809 -2.35416 -0.0649487 0.0705987 0.09
0.360195 0.309052 -2.34764 -0.0819772 0.0724912 0.09
0.372306 0.321322 -2.35254 -0.287338 -0.0816396 0.06
0.38411 0.333322 -2.34206 -0.210406 0.130983 0.08
0.383283 0.332466 -2.33491 0.0148648 0.0893494 0.08
0.390014 0.339414 -2.34784 -0.161217 -0.215481 0.06
0.390907 0.340322 -2.34796 -0.127382 -0.0117435 0.01
0.404217 0.354068 -2.32959 -0.273349 0.262332 0.07
0.404275 0.354129 -2.32931 -0.00839284 0.0285168 0.01
0.405163 0.355066 -2.32959 -0.129093 -0.0284539 0.01
0.410832 0.36106 -2.32601 -0.27501 0.119566 0.03
0.411559 0.361832 -2.32613 -0.0212003 -0.00238672 0.05
0.418701 0.369343 -2.33692 -0.10365 -0.107909 0.1
0.419644 0.370324 -2.337 -0.136116 -0.00831931 0.01
0.438916 0.390809 -2.31188 -0.281255 0.251223 0.1
0.449403 0.402348 -2.30426 -0.15593 0.0761928 0.1
0.445495 0.397985 -2.29625 0.146435 0.200077 0.04
0.437165 0.388427 -2.2761 0.181126 0.287996 0.07
0.437131 0.388386 -2.25538 0.000760179 0.295864 0.07
0.453355 0.408682 -2.23233 -0.288714 0.25621 0.09
0.456086 0.412208 -2.22647 -0.0743211 0.0975327 0.06
0.441 0.39274 -2.23448 0.27365 -0.0889667 0.09
0.44451 0.397314 -2.2141 -0.0576583 0.203805 0.1
0.445911 0.399182 -2.21223 -0.233482 0.187002 0.01
0.444705 0.397559 -2.20676 0.0202243 0.054693 0.1
0.45873 0.416924 -2.18584 -0.298884 0.261504 0.08
0.457182 0.414691 -2.16506 0.0388023 0.29683 0.07
0.459094 0.417524 -2.16312 -0.0683434 0.038805 0.05
0.464205 0.4253 -2.13883 -0.103396 0.269861 0.09
0.465068 0.426653 -2.13765 -0.16047 0.118325 0.01
0.465954 0.428048 -2.13292 -0.0826221 0.236735 0.02
0.458132 0.415461 -2.11836 0.246998 0.242682 0.06
0.457189 0.413904 -2.11056 0.0259983 0.111356 0.07
0.456794 0.413231 -2.09211 0.00780302 0.184552 0.1
0.471492 0.43866 -2.09827 -0.293711 -0.0616653 0.1
0.474227 0.443427 -2.08364 -0.0549638 0.14631 0.1
0.477088 0.448563 -2.07312 -0.0734803 0.131533 0.08
0.47935 0.452745 -2.05763 -0.0792488 0.2582 0.06
0.480161 0.454276 -2.05526 -0.173243 0.236745 0.01
0.482199 0.458159 -2.05141 -0.219281 0.192667 0.02
0.487082 0.467565 -2.04721 -0.176631 0.0699646 0.06
0.487063 0.467528 -2.04425 0.000690949 0.0493037 0.06
0.486004 0.465437 -2.03315 0.046882 0.222088 0.05
0.482185 0.457773 -2.03294 0.214056 0.00516614 0.04
0.473831 0.440903 -2.02747 0.268941 0.078107 0.07
0.470311 0.433721 -2.02526 0.133304 0.0369029 0.06
0.465044 0.422597 -1.99802 0.123079 0.272325 0.1
0.460577 0.412638 -1.98524 0.136444 0.159758 0.08
0.456987 0.404474 -1.98452 0.297269 0.0240972 0.03
0.457302 0.405212 -1.95981 -0.00802588 0.247131 0.1
0.458843 0.409076 -1.93822 -0.0462223 0.239838 0.09
0.457145 0.40459 -1.92412 0.0959271 0.282018 0.05
0.458993 0.409604 -1.92332 -0.267156 0.0401219 0.02
0.467394 0.433087 -1.90316 -0.277125 0.22399 0.09
0.472733 0.448228 -1.91841 -0.200681 -0.190586 0.08
0.473275 0.449722 -1.9165 -0.158909 0.19057 0.01
0.472937 0.448778 -1.90913 0.033412 0.245802 0.03
0.474942 0.454512 -1.90323 -0.202472 0.196417 0.03
0.477 0.460469 -1.90368 -0.063026 -0.004432 0.1
0.480493 0.470852 -1.88413 -0.156504 0.279281 0.07
0.482438 0.476871 -1.88193 -0.158123 0.0550702 0.04
0.488373 0.495117 -1.88935 -0.191876 -0.0742276 0.1
0.483321 0.479443 -1.87347 0.23526 0.226812 0.07
0.487354 0.492213 -1.88155 -0.267838 -0.161567 0.05
0.492719 0.50948 -1.86014 -0.200911 0.237922 0.09
0.498429 0.528948 -1.85111 -0.20288 0.0902748 0.1
0.501236 0.538741 -1.84835 -0.20375 0.0551734 0.05
0.50174 0.540511 -1.84659 -0.0919924 0.08798 0.02
0.505863 0.555334 -1.83588 -0.256432 0.178565 0.06
0.505979 0.555762 -1.83018 -0.0147665 0.189912 0.03
0.505669 0.554594 -1.82849 0.12078 0.169025 0.01
0.502781 0.543558 -1.82383 0.285204 0.116544 0.04
0.504689 0.551344 -1.79548 -0.0801688 0.283432 0.1
0.500041 0.531257 -1.80149 0.206177 -0.060056 0.1
0.503664 0.547019 -1.79069 -0.202164 0.134976 0.08
0.503705 0.547201 -1.78961 -0.00622531 0.0359528 0.03
0.501629 0.537408 -1.76761 0.100108 0.220065 0.1
0.500874 0.533577 -1.76217 0.0650854 0.0905596 0.06
0.500294 0.530573 -1.75979 0.101983 0.079364 0.03
0.502137 0.540068 -1.76621 -0.138174 -0.0916846 0.07
0.502338 0.541135 -1.74509 -0.012069 0.234635 0.09
0.506177 0.563006 -1.7439 -0.246718 0.0132941 0.09
0.506183 0.56304 -1.7353 -0.00116404 0.286567 0.03
0.506176 0.562997 -1.72547 0.00109817 0.245656 0.04
0.506567 0.565513 -1.72306 -0.0848863 0.0803421 0.03
0.507005 0.568386 -1.7201 -0.145323 0.1482 0.02
0.506853 0.567341 -1.71038 0.0105674 0.0971744 0.1
0.509101 0.583227 -1.71281 -0.267419 -0.0405307 0.06
0.5104 0.592609 -1.70298 -0.0947093 0.0983549 0.1
0.511762 0.603249 -1.69076 -0.21455 0.244287 0.05
0.510838 0.595503 -1.68721 0.26004 0.118361 0.03
0.511206 0.598771 -1.67675 -0.0657638 0.209223 0.05
0.510344 0.589682 -1.65129 0.0913014 0.254614 0.1
0.508604 0.568849 -1.65783 0.261309 -0.0817884 0.08
0.507395 0.55276 -1.63104 0.161349 0.267923 0.1
0.507412 0.553035 -1.62868 -0.0274842 0.235857 0.01
0.50718 0.548755 -1.61941 0.0857111 0.185471 0.05
0.506684 0.538225 -1.61551 0.175694 0.0649181 0.06
0.50685 0.541975 -1.61359 -0.187637 0.0963231 0.02
0.507366 0.554072 -1.61309 -0.242163 0.010043 0.05
0.50764 0.561305 -1.60132 -0.180958 0.294226 0.04
0.507346 0.551095 -1.59708 0.170234 0.0705863 0.06
0.50737 0.551981 -1.59681 -0.0885963 0.0274997 0.01
0.507197 0.542022 -1.57745 0.0995997 0.193529 0.1
0.507213 0.528118 -1.55935 0.198629 0.258645 0.07
0.506997 0.548463 -1.5613 -0.290654 -0.0278505 0.07
0.506965 0.550997 -1.55365 -0.042234 0.127415 0.06
0.507444 0.529314 -1.54248 0.240985 0.124162 0.09
0.507989 0.512186 -1.5341 0.285614 0.139694 0.06
0.508333 0.503422 -1.52814 0.125285 0.0850409 0.07
0.508725 0.495813 -1.508 0.0952451 0.251746 0.08
0.507745 0.511037 -1.50437 -0.25426 0.060552 0.06
0.509247 0.491042 -1.48535 0.200521 0.190162 0.1
0.509398 0.489339 -1.47894 0.0244154 0.0915697 0.07
0.510185 0.481198 -1.4688 0.0908813 0.11273 0.09
0.51004 0.48261 -1.46791 -0.141923 0.0889652 0.01
0.508843 0.493663 -1.45618 -0.158825 0.167604 0.07
0.506175 0.51543 -1.43948 -0.274135 0.208683 0.08
0.507436 0.506334 -1.42537 0.0918317 0.141081 0.1
0.507827 0.50366 -1.42344 0.270253 0.19324 0.01
0.505741 0.517943 -1.42885 -0.206211 -0.0772008 0.07
0.505546 0.519306 -1.42999 -0.137677 -0.114916 0.01
0.502514 0.542662 -1.4563 -0.261697 -0.292326 0.09
0.501578 0.550331 -1.44048 -0.0965657 0.197792 0.08
0.500802 0.556286 -1.44194 -0.0600571 -0.0145559 0.1
0.500211 0.560698 -1.43128 -0.0890186 0.213197 0.05
0.497527 0.579068 -1.41833 -0.265229 0.184956 0.07
0.500316 0.561678 -1.4031 0.251616 0.217566 0.07
0.499725 0.565125 -1.39867 -0.0388579 0.0491773 0.09
0.49972 0.56515 -1.3819 -0.00036399 0.239687 0.07
0.495669 0.586413 -1.38336 -0.270576 -0.0182455 0.08
0.49226 0.603898 -1.37139 -0.254482 0.170896 0.07
0.493241 0.599081 -1.36693 0.163861 0.148853 0.03
0.489451 0.616966 -1.35563 -0.228529 0.141198 0.08
0.488908 0.619451 -1.35505 -0.254411 0.0580054 0.01
0.488367 0.6219 -1.34993 -0.0835925 0.170799 0.03
0.487535 0.625589 -1.34721 -0.0945502 0.0678804 0.04
0.481764 0.649957 -1.3273 -0.250423 0.199126 0.1
0.480135 0.656573 -1.33269 -0.136263 -0.107715 0.05
0.478219 0.664311 -1.3215 -0.132864 0.186389 0.06
0.473556 0.682008 -1.30207 -0.26145 0.277559 0.07
0.466109 0.708886 -1.29862 -0.278905 0.034527 0.1
0.464679 0.713912 -1.28651 -0.0870931 0.201813 0.06
0.467543 0.704122 -1.28583 0.255013 0.0170123 0.04
0.465099 0.712384 -1.27962 -0.143596 0.103524 0.06
0.46638 0.708121 -1.2767 0.222532 0.146104 0.02
0.458835 0.73391 -1.29774 -0.268706 -0.210407 0.1
0.46104 0.726351 -1.27373 0.0787413 0.240057 0.1
0.460309 0.728694 -1.26157 -0.0272709 0.135149 0.09
0.462643 0.721566 -1.24486 0.107155 0.23875 0.07
0.459379 0.730975 -1.22722 -0.0995943 0.17636 0.1
0.466131 0.711572 -1.24714 0.256807 -0.248999 0.08
0.471943 0.694711 -1.22815 0.222941 0.237424 0.08
0.475477 0.684911 -1.2196 0.208347 0.170979 0.05
0.475156 0.685788 -1.21804 -0.0933629 0.155656 0.01
0.472183 0.693864 -1.21818 -0.286855 -0.00476674 0.03
0.468569 0.70338 -1.19502 -0.113109 0.257421 0.09
0.467522 0.706033 -1.19224 -0.285232 0.278016 0.01
0.45744 0.731352 -1.19132 -0.272527 0.00916989 0.1
0.460012 0.725069 -1.17054 0.084873 0.259748 0.08
0.459244 0.72687 -1.16198 -0.0652568 0.285449 0.03
0.46332 0.717699 -1.14049 0.125449 0.268514 0.08
0.458919 0.727077 -1.12157 -0.115108 0.210314 0.09
0.451007 0.743081 -1.09922 -0.198365 0.248251 0.09
0.449295 0.746441 -1.09994 -0.125699 -0.023802 0.03
0.440877 0.76266 -1.08157 -0.261059 0.262424 0.07
0.435839 0.771999 -1.06793 -0.212231 0.272781 0.05
0.426515 0.789168 -1.08032 -0.279105 -0.17703 0.07
0.432433 0.777829 -1.10182 0.15988 -0.268776 0.08
0.426504 0.789769 -1.12034 -0.166635 -0.231433 0.08
0.41973 0.804026 -1.13686 -0.263069 -0.275431 0.06
0.415627 0.812864 -1.13524 -0.162411 0.0271103 0.06
0.409945 0.82497 -1.12761 -0.167161 0.0953451 0.08
0.40164 0.842868 -1.14763 -0.246641 -0.250255 0.08
0.396549 0.854381 -1.16296 -0.139876 -0.170381 0.09
0.392262 0.864332 -1.16542 -0.135433 -0.0306895 0.08
0.385365 0.880535 -1.17222 -0.220129 -0.0849773 0.08
0.379926 0.893522 -1.17698 -0.281601 -0.0951537 0.05
0.379709 0.894043 -1.17463 -0.0282248 0.117268 0.02
0.376221 0.902387 -1.17524 -0.226077 -0.0153123 0.04
0.374659 0.906143 -1.17991 -0.135602 -0.15546 0.03
0.367097 0.924425 -1.17686 -0.282635 0.0435521 0.07
0.36645 0.925982 -1.17491 -0.168553 0.194369 0.01
0.360673 0.939564 -1.16088 -0.1476 0.140307 0.1
0.358764 0.943948 -1.15822 -0.239055 0.133171 0.02
0.357881 0.945951 -1.15185 -0.0218995 0.0636784 0.1
0.359747 0.94178 -1.14647 0.152314 0.179475 0.03
0.366895 0.926254 -1.13065 0.170934 0.158125 0.1
0.366864 0.926319 -1.11013 -0.000724572 0.205209 0.1
0.355467 0.948825 -1.09199 -0.280304 0.201564 0.09
0.356868 0.946132 -1.08977 0.101192 0.0740301 0.03
0.354501 0.950596 -1.07503 -0.063158 0.184279 0.08
0.352115 0.954996 -1.07032 -0.250264 0.23574 0.02
0.353402 0.952649 -1.06637 0.0892011 0.131583 0.03
0.34846 0.96156 -1.06147 -0.203794 0.0978717 0.05
0.3555 0.949197 -1.04249 0.177836 0.23728 0.08
0.360004 0.941506 -1.0385 0.22282 0.0998471 0.04
0.364837 0.933312 -1.03693 0.23783 0.0393169 0.04
0.365612 0.932002 -1.03644 0.152256 0.0489724 0.01
0.358459 0.943898 -1.0197 -0.231345 0.278913 0.06
0.371155 0.923656 -0.999532 0.238939 0.201693 0.1
0.369469 0.92627 -0.995725 -0.103681 0.126869 0.03
0.376349 0.91588 -0.973413 0.155775 0.278904 0.08
0.368588 0.927212 -0.965578 -0.274713 0.156711 0.05
0.371214 0.923389 -0.973438 0.0773144 -0.131005 0.06
0.360705 0.938666 -0.961355 -0.264904 0.172617 0.07
0.351318 0.951743 -0.932054 -0.160981 0.293005 0.1
0.343708 0.961862 -0.917939 -0.180867 0.201653 0.07
0.348875 0.955158 -0.908735 0.141064 0.153388 0.06
0.355701 0.946453 -0.901912 0.158036 0.097475 0.07
0.360547 0.940399 -0.887667 0.110776 0.203499 0.07
0.350337 0.952804 -0.875082 -0.200824 0.157314 0.08
0.349473 0.953839 -0.873352 -0.13493 0.17304 0.01
0.349978 0.953236 -0.871957 0.0786971 0.13951 0.01
0.34975 0.953508 -0.87136 -0.0355135 0.0596909 0.01
0.349476 0.953831 -0.861343 -0.0105825 0.250426 0.04
0.358683 0.943295 -0.840863 0.199891 0.292558 0.07
0.351585 0.951187 -0.834772 -0.176909 0.101531 0.06
0.348122 0.954987 -0.827251 -0.0856853 0.125344 0.06
0.345247 0.958104 -0.823434 -0.106009 0.0954123 0.04
0.351871 0.950965 -0.821964 0.162312 0.0245107 0.06
0.357337 0.945077 -0.823556 0.267791 -0.0530589 0.03
0.367341 0.934308 -0.820398 0.24499 0.052631 0.06
0.369034 0.932492 -0.818727 0.248182 0.167084 0.01
0.357406 0.944865 -0.813153 -0.282987 0.0928916 0.06
0.364529 0.937374 -0.807184 0.129215 0.0746152 0.08
0.373445 0.928231 -0.786209 0.159636 0.26219 0.08
0.370447 0.931166 -0.761179 -0.0419586 0.250302 0.1
0.373425 0.928325 -0.764006 0.205764 -0.14136 0.02
0.372641 0.929077 -0.761167 -0.108566 0.28394 0.01
0.377979 0.924012 -0.755001 0.24529 0.205507 0.03
0.375618 0.926228 -0.751776 -0.107941 0.107521 0.03
0.368398 0.932936 -0.74342 -0.246382 0.208888 0.04
0.371253 0.930343 -0.730285 0.0385705 0.131357 0.1
0.371322 0.930282 -0.712352 0.00152798 0.298884 0.06
0.371145 0.930434 -0.705922 -0.00778577 0.214324 0.03
0.375421 0.92683 -0.692519 0.093221 0.223384 0.06
0.367677 0.933211 -0.684353 -0.200696 0.163308 0.05
0.358504 0.940628 -0.672471 -0.294926 0.297052 0.04
0.356679 0.942079 -0.669687 -0.116559 0.139205 0.02
0.356889 0.941912 -0.669524 0.0268348 0.0162903 0.01
0.36002 0.939466 -0.655408 0.044146 0.156848 0.09
0.352027 0.945522 -0.639602 -0.111425 0.175618 0.09
0.372924 0.930201 -0.623944 0.287907 0.173985 0.09
0.363973 0.9366 -0.616298 -0.137535 0.0955745 0.08
0.360134 0.93931 -0.6114 -0.156637 0.163242 0.03
0.358306 0.940591 -0.61073 -0.223144 0.0670034 0.01
0.362685 0.93753 -0.609218 0.106838 0.0302498 0.05
0.363763 0.936777 -0.608985 0.131515 0.0232863 0.01
0.357933 0.940769 -0.589748 -0.0785089 0.213744 0.09
0.358471 0.94041 -0.58855 0.0215529 0.0399282 0.03
0.355098 0.942637 -0.575971 -0.080831 0.251589 0.05
0.366926 0.935064 -0.560299 0.234081 0.261195 0.06
0.383913 0.924512 -0.549999 0.285674 0.147144 0.07
0.393203 0.918796 -0.553692 0.181797 -0.0615545 0.06
0.409579 0.908858 -0.534869 0.239453 0.235296 0.08
0.397531 0.915907 -0.52255 -0.155101 0.136877 0.09
0.379811 0.92615 -0.526083 -0.255846 -0.04417 0.08
0.374316 0.929314 -0.517878 -0.063403 0.082049 0.1
0.377011 0.927814 -0.495315 0.0342717 0.250707 0.09
0.386266 0.92286 -0.486514 0.131217 0.110014 0.08
0.381784 0.925227 -0.484087 -0.253449 0.121334 0.02
0.386198 0.92292 -0.477928 0.0996176 0.123179 0.05
0.374389 0.928874 -0.453645 -0.132251 0.242833 0.1
0.397297 0.918036 -0.427186 0.281589 0.293983 0.09
0.406295 0.91399 -0.416166 0.164428 0.183667 0.06
0.407515 0.913451 -0.415073 0.133368 0.109322 0.01
0.405917 0.914146 -0.403726 -0.0290442 0.189118 0.06
0.380017 0.924961 -0.385525 -0.280675 0.182008 0.1
0.384743 0.923046 -0.383791 0.072849 0.0247744 0.07
0.388771 0.921433 -0.375524 0.144619 0.27555 0.03
0.386084 0.922492 -0.373561 -0.288806 0.196318 0.01
0.389409 0.921213 -0.359671 0.0395808 0.154329 0.09
0.394357 0.919403 -0.338941 0.0658667 0.259127 0.08
0.392482 0.920058 -0.332122 -0.0198669 0.0681897 0.1
0.403443 0.916349 -0.318623 0.144653 0.168743 0.08
0.404685 0.915949 -0.303995 0.0144962 0.162534 0.09
0.408903 0.914622 -0.305879 0.147392 -0.0628141 0.03
0.418517 0.911551 -0.313917 0.168206 -0.133954 0.06
0.419547 0.911226 -0.295699 0.0120042 0.202413 0.09
0.413506 0.913035 -0.285319 -0.0630675 0.103802 0.1
0.409936 0.914069 -0.276118 -0.0929182 0.230038 0.04
0.391306 0.919387 -0.280541 -0.24217 -0.0552945 0.08
0.372808 0.924571 -0.264105 -0.213453 0.182624 0.09
0.370338 0.925223 -0.250662 -0.0319338 0.168033 0.08
0.381149 0.922556 -0.23121 0.111354 0.194527 0.1
0.388859 0.920804 -0.213824 0.0790647 0.173856 0.1
0.390904 0.920362 -0.210421 0.10462 0.170141 0.02
0.371169 0.924478 -0.199568 -0.223996 0.120588 0.09
0.381757 0.922373 -0.192067 0.119945 0.0833525 0.09
0.39463 0.919951 -0.178047 0.16374 0.175252 0.08
0.374022 0.923511 -0.162278 -0.232371 0.175202 0.09
0.38511 0.921676 -0.166176 0.124875 -0.0433083 0.09
0.382096 0.922171 -0.157328 -0.0763749 0.221194 0.04
0.382446 0.922117 -0.146206 0.00590497 0.185369 0.06
0.369993 0.923848 -0.127703 -0.157158 0.231289 0.08
0.388243 0.921635 -0.111647 0.229797 0.200706 0.08
0.396772 0.920691 -0.108474 0.10727 0.0396538 0.08
0.396454 0.920725 -0.106833 -0.0320125 0.164091 0.01
0.394569 0.920919 -0.095192 -0.0378917 0.232829 0.05
0.379656 0.922168 -0.0693269 -0.149659 0.258651 0.1
0.394935 0.921286 -0.0429699 0.170047 0.292855 0.09
0.397445 0.921178 -0.0433502 0.125652 -0.0190135 0.02
0.407341 0.920808 -0.0283757 0.198057 0.29949 0.05
0.423758 0.92043 -0.0165819 0.164212 0.117938 0.1
0.444559 0.920175 -0.0066372 0.260034 0.124309 0.08
0.436542 0.920203 0.00181101 -0.200427 0.211205 0.04
0.411596 0.920009 0.0152551 -0.277182 0.149379 0.09
0.393334 0.91961 0.0306179 -0.260952 0.219469 0.07
0.396473 0.919709 0.0344651 0.157019 0.192361 0.02
0.393683 0.919588 0.0548524 -0.0398919 0.291246 0.07
0.397065 0.919773 0.0535596 0.169333 -0.0646388 0.02
0.402392 0.920059 0.0542134 0.266751 0.0326898 0.02
0.398016 0.919777 0.0777734 -0.054815 0.294501 0.08
0.395189 0.91955 0.083033 -0.040526 0.0751368 0.07
0.389576 0.91906 0.0927814 -0.0938963 0.162473 0.06
0.392472 0.919347 0.107494 0.0485098 0.245204 0.06
0.387256 0.918779 0.111869 -0.262347 0.218769 0.02
0.405451 0.920844 0.114527 0.261592 0.0379744 0.07
0.404117 0.920687 0.120332 -0.0167923 0.072562 0.08
0.400485 0.920246 0.122563 -0.18291 0.111521 0.02
0.393372 0.919353 0.127587 -0.0896186 0.0628084 0.08
0.406915 0.921137 0.135571 0.227673 0.133062 0.06
0.419784 0.922883 0.133773 0.259744 -0.0359679 0.05
0.405022 0.920826 0.14434 -0.186313 0.132099 0.08
0.406347 0.921021 0.149507 0.0446405 0.17222 0.03
0.417699 0.922759 0.155859 0.287112 0.158791 0.04
0.430222 0.924899 0.185551 0.127053 0.296923 0.1
0.410809 0.921139 0.19898 -0.282493 0.19185 0.07
0.414567 0.921902 0.204569 0.191742 0.27945 0.02
0.412434 0.92146 0.206244 -0.217837 0.167422 0.01
0.412142 0.921398 0.209152 -0.0298836 0.290821 0.01
0.41451 0.921911 0.21801 0.0346226 0.126539 0.07
0.416646 0.922384 0.215956 0.218752 -0.205407 0.01
0.437682 0.927213 0.238181 0.269798 0.277824 0.08
0.416164 0.921816 0.255059 -0.221854 0.168775 0.1
0.409305 0.920022 0.257047 -0.236302 0.0662579 0.03
0.404809 0.918835 0.259767 -0.0930055 0.0544132 0.05
0.382699 0.912804 0.274507 -0.254645 0.163779 0.09
0.381609 0.912497 0.276115 -0.113259 0.160753 0.01
0.406686 0.919861 0.297268 0.261365 0.211526 0.1
0.400932 0.918076 0.305911 -0.120488 0.172866 0.05
0.399663 0.917676 0.307187 -0.133087 0.12758 0.01
0.401695 0.918326 0.314969 0.0711048 0.259422 0.03
0.426938 0.926707 0.327586 0.295537 0.140183 0.09
0.426871 0.926684 0.335148 -0.00235494 0.252074 0.03
0.434249 0.929284 0.344222 0.15645 0.181485 0.05
0.458806 0.938253 0.357442 0.261437 0.132192 0.1
0.438106 0.930488 0.360679 -0.24565 0.0359671 0.09
0.430828 0.927717 0.368964 -0.194675 0.207125 0.04
0.423819 0.925006 0.369073 -0.150304 0.00218261 0.05
0.444173 0.933082 0.388776 0.273725 0.246294 0.08
0.431446 0.927839 0.393479 -0.229413 0.0783775 0.06
0.432682 0.928352 0.39558 0.133821 0.210065 0.01
0.420067 0.922933 0.418874 -0.171619 0.291177 0.08
0.434301 0.929438 0.440597 0.156501 0.217235 0.1
0.432103 0.928401 0.442465 -0.243002 0.18679 0.01
0.443301 0.933739 0.447669 0.124044 0.0520373 0.1
0.43986 0.932061 0.461406 -0.0478531 0.171719 0.08
0.430638 0.927444 0.467601 -0.114589 0.0688283 0.09
0.412474 0.918163 0.478492 -0.254975 0.136142 0.08
0.420175 0.922149 0.476162 0.173437 -0.0466138 0.05
0.425358 0.924823 0.476733 0.1458 0.0142821 0.04
0.43618 0.930488 0.490507 0.244313 0.275474 0.05
0.416187 0.919577 0.511212 -0.284715 0.25882 0.08
0.406326 0.914013 0.516714 -0.113226 0.055018 0.1
0.403538 0.912413 0.527712 -0.0642957 0.219957 0.05
0.412185 0.917535 0.543904 0.125629 0.202409 0.08
0.415791 0.919723 0.547417 0.105445 0.0878171 0.04
0.421786 0.923484 0.576203 0.0707803 0.287855 0.1
0.424261 0.925092 0.57524 0.147553 -0.0481224 0.02
0.422463 0.923925 0.576328 -0.107205 0.0543655 0.02
0.421185 0.923083 0.589666 -0.0169989 0.148202 0.09
0.436207 0.933169 0.59328 0.226172 0.0451731 0.08
0.419479 0.921835 0.598248 -0.224516 0.0552051 0.09
0.418673 0.921275 0.61903 -0.0108998 0.230914 0.09
0.40173 0.909011 0.636235 -0.26145 0.215057 0.08
0.400116 0.907807 0.648168 -0.050337 0.298322 0.04
0.406039 0.912281 0.645016 0.148462 -0.0630336 0.05
0.417048 0.920637 0.655554 0.276413 0.210764 0.05
0.426007 0.927585 0.666504 0.283447 0.273749 0.04
0.422355 0.924705 0.670276 -0.155037 0.125737 0.03
0.413041 0.917281 0.677011 -0.238225 0.134685 0.05
0.414868 0.918759 0.685385 0.0587514 0.209357 0.04
0.414265 0.918265 0.687278 -0.025974 0.063118 0.03
0.393433 0.901252 0.681825 -0.268962 -0.0545298 0.1
0.388737 0.897415 0.690446 -0.151627 0.215524 0.04
0.37118 0.882804 0.698637 -0.253789 0.091011 0.09
0.355302 0.869488 0.696831 -0.25903 -0.0225767 0.08
0.35915 0.872745 0.709376 0.050411 0.125446 0.1
0.344445 0.859921 0.72762 -0.278728 0.260631 0.07
0.349568 0.864524 0.737384 0.0688625 0.0976449 0.1
0.355931 0.870338 0.744005 0.0957666 0.0735607 0.09
0.364794 0.878544 0.751265 0.241589 0.145198 0.05
0.350807 0.865379 0.759909 -0.192086 0.086438 0.1
0.358208 0.872471 0.769688 0.14644 0.1397 0.07
0.350005 0.864392 0.78762 -0.115135 0.179327 0.1
0.338303 0.852696 0.781973 -0.206819 -0.0705955 0.08
0.329948 0.844325 0.793521 -0.29567 0.288703 0.04
0.328545 0.842896 0.799417 -0.10013 0.294791 0.02
0.336933 0.851505 0.797046 0.24039 -0.047415 0.05
0.348732 0.86384 0.820442 0.170698 0.233965 0.1
0.350132 0.865342 0.82135 0.0684502 0.0302432 0.03
0.360346 0.876325 0.821999 0.249966 0.0108152 0.06
0.36543 0.881835 0.831725 0.187442 0.243148 0.04
0.351534 0.866356 0.848412 -0.20802 0.166871 0.1
0.355631 0.871072 0.864725 0.089248 0.233048 0.07
0.369876 0.88822 0.89342 0.222942 0.286946 0.1
0.370176 0.888593 0.895653 0.0478285 0.223316 0.01
0.372467 0.891459 0.89762 0.1223 0.0655718 0.03
0.362886 0.879299 0.91093 -0.193514 0.166383 0.08
0.360414 0.876042 0.93457 -0.0408954 0.236398 0.1
0.372229 0.891938 0.927696 0.282956 -0.0982013 0.07
0.377164 0.898579 0.938339 0.206854 0.266078 0.04
0.383576 0.907435 0.951846 0.156185 0.192956 0.07
0.375932 0.896569 0.966062 -0.221425 0.236935 0.06
0.366764 0.883216 0.973187 -0.231383 0.101787 0.07
0.378539 0.900963 0.999747 0.236648 0.295105 0.09
0.372474 0.891395 1.01394 -0.161837 0.202784 0.07
0.386451 0.914346 1.03615 0.298588 0.246793 0.09
0.389015 0.918698 1.04206 0.126272 0.147678 0.04
0.377321 0.898434 1.05411 -0.259959 0.133901 0.09
0.370476 0.886268 1.06415 -0.232666 0.167278 0.06
0.360402 0.867761 1.08276 -0.26339 0.232605 0.08
0.368276 0.882762 1.09338 0.211778 0.132805 0.08
0.358298 0.86306 1.11277 -0.245396 0.215435 0.09
0.36406 0.874909 1.12621 0.263528 0.268832 0.05
0.374854 0.89808 1.14537 0.255622 0.191628 0.1
0.37797 0.904993 1.14981 0.0842569 0.0493134 0.09
0.379624 0.90876 1.16752 0.0685589 0.295179 0.06
0.379926 0.909478 1.17803 0.00974271 0.131279 0.08
0.38204 0.914589 1.18014 0.276523 0.105505 0.02
0.375698 0.899061 1.1867 -0.209664 0.0819936 0.08
0.374156 0.895249 1.18597 -0.205585 -0.0364397 0.02
0.367566 0.878584 1.20483 -0.224007 0.235823 0.08
0.369345 0.883267 1.21341 0.166978 0.286025 0.03
0.367367 0.877865 1.22765 -0.0639174 0.158209 0.09
0.367923 0.879431 1.23347 0.0415182 0.145482 0.04
0.358272 0.851065 1.25431 -0.299628 0.208412 0.1
0.362762 0.864778 1.25442 0.144287 0.0010717 0.1
0.35584 0.842871 1.2777 -0.255271 0.258673 0.09
0.353297 0.834444 1.27773 -0.146705 0.000509091 0.06
0.352693 0.832413 1.28802 -0.0529732 0.257204 0.04
0.35232 0.831118 1.29487 -0.0269477 0.136969 0.05
0.346594 0.810329 1.31123 -0.269541 0.204572 0.08
0.346337 0.809333 1.32613 -0.0147047 0.212818 0.07
0.345104 0.804259 1.34118 -0.0870254 0.250902 0.06
0.347471 0.81465 1.354 0.133218 0.160171 0.08
0.346096 0.808178 1.37188 -0.110284 0.297969 0.06
0.34614 0.808403 1.38345 0.00459911 0.231536 0.05
0.346035 0.807838 1.39175 -0.0143825 0.207497 0.04
0.346495 0.810379 1.39068 0.258262 -0.107139 0.01
0.347116 0.8139 1.40413 0.0715046 0.268925 0.05
0.348904 0.824167 1.38978 0.208442 -0.286866 0.05
0.352877 0.846946 1.40834 0.23123 0.185585 0.1
0.355093 0.859789 1.38945 0.144807 -0.209866 0.09
0.355615 0.862638 1.38676 0.289655 -0.26945 0.01
0.35736 0.871999 1.38617 0.136029 -0.00846138 0.07
0.361845 0.896506 1.39428 0.276822 0.0901459 0.09
0.362631 0.901171 1.41657 0.0591352 0.278657 0.08
0.360824 0.889507 1.41807 -0.295064 0.037512 0.04
0.361045 0.890945 1.41979 0.14551 0.171552 0.01
0.363738 0.909862 1.44178 0.238843 0.274855 0.08
0.363143 0.905293 1.44048 -0.0767892 -0.0217033 0.06
0.362128 0.897347 1.44815 -0.10013 0.095936 0.08
0.363015 0.904956 1.46415 0.127667 0.266658 0.06
0.36308 0.905612 1.48324 0.00942978 0.272657 0.07
0.362975 0.904419 1.48532 -0.119826 0.208855 0.01
0.364104 0.918213 1.49442 0.230668 0.151659 0.06
0.364248 0.920089 1.49403 0.0470554 -0.0097663 0.04
0.366516 0.946385 1.47319 0.293269 -0.231567 0.09
0.366725 0.948524 1.4738 0.214853 0.0604099 0.01
0.367416 0.955797 1.47984 0.182643 0.151203 0.04
0.369687 0.98248 1.49325 0.267798 0.134099 0.1
0.369769 0.983663 1.51292 0.0148268 0.245753 0.08
0.369448 0.978039 1.51617 -0.281671 0.162607 0.02
0.369399 0.977117 1.52024 -0.0307813 0.135629 0.03
0.369455 0.978326 1.52978 0.0121039 0.0954255 0.1
0.369936 0.991825 1.54188 0.150091 0.134513 0.09
